270
281
1116
1641
1647
1669
3837
3894
3898
4009
4014
4806
4870
4871
5033
5556
5598
5803
6032
6058
6074
6169
6329
6345
6682
6725
6732
7325
7334
7374
7375
7409
7416
7418
7428
7601
7653
7656
8397
9985
10015
10275
10294
10348
10784
11387
13480
13804
13832
14120
14317
15511
17807
17808
18307
20389
20397
20481
20489
20641
20678
20682
20691
21118
21126
21164
21363
21463
21520
21533
21534
21554
21566
21610
21619
21702
21705
21716
21717
21724
21740
21747
21757
21763
21837
21856
21858
21869
21874
21967
21968
21969
21970
21971
21972
21973
21974
21975
21976
21977
21978
21979
21980
21981
21982
21983
21984
21985
21986
21987
22008
22053
22089
22092
22096
22110
22115
22194
22202
22231
22237
22248
22264
22451
22459
22464
22468
22470
22471
22481
22494
22497
22498
22503
22542
22680
22685
22971
22973
22979
23148
23149
23371
23792
23798
23818
23821
23827
25530
25764
25811
25828
25829
25859
25868
25892
25914
26121
26152
26153
26186
26228
26229
26538
27271
27293
27322
27335
27388
27860
28082
28250
28383
28401
29149
29167
29539
29557
29563
30525
30526
30528
30529
30537
30539
30545
30546
30548
30550
30551
30705
30712
30760
30761
30762
30786
30787
30797
30901
30902
30903
30993
30994
30995
30999
31012
31106
31108
31109
31110
31111
31170
31502
31598
32413
32464
32759
32813
32865
32884
32941
32942
33399
36994
36995
37991
38082
42423
43212
43242
43474
43519
45540
45544
45545
45926
46610
49722
50308
50449
50619
50735
51245
51246
52007
53819
53820
53844
53891
53895
53938
53940
53942
53943
53953
54077
54078
54101
54118
54123
54125
54228
54243
54295
54383
54386
54399
54408
54409
54411
54421
54447
54448
54486
54537
54568
54581
54610
54614
54617
54618
54623
54628
54656
54690
54691
54765
54793
54794
54795
54810
54873
54895
54899
54903
54993
55144
55145
55186
55189
55266
55399
55407
55409
55437
55449
55475
55476
55478
55483
55498
55517
55557
55609
55610
55618
55619
55620
55700
55702
55790
55909
55943
56015
56054
56071
56240
56342
56343
57735
57736
57944
58280
58612
58613
58981
59826
59848
59965
59976
60659
60717
60779
61434
61439
61450
62028
62083
66510
66602
66603
71535
72316
72318
74136
74175
74199
74201
74240
74241
74242
74312
75052
75169
76134
76135
76142
76371
76372
76379
76393
76394
76396
77141
77459
80207
80594
80596
81048
81053
81056
81566
81567
81572
81577
81578
81579
81580
82081
83400
83410
83413
83414
83416
84309
84799
85156
85354
85487
85779
85951
85961
86562
86587
86635
86738
86741
87034
87036
89621
89625
89627
90286
90692
90693
90695
91152
91257
91258
91518
92759
93323
93346
93566
93571
93940
93941
93985
93987
93996
94181
94603
94605
95437
96611
96612
96636
96637
96639
96678
97115
97259
97324
97357
97362
97454
97457
97475
97528
97529
98010
98232
98233
98234
99224
99716
99725
99727
99730
99732
99744
99808
100075
100091
100442
100456
100514
100518
100625
100626
100709
100733
101806
101940
102014
102130
102224
102627
102633
102793
102795
102796
103797
103798
103812
103820
104600
104601
105193
105210
105214
105578
108409
108890
110173
112229
112337
112354
112496
112945
112946
112954
112989
113156
113160
113173
113174
113175
113183
115697
115698
116536
116638
116798
116943
117294
117522
117629
117642
118440
118447
119757
120430
120722
121012
121588
121595
121599
121610
121612
121779
121863
121881
122766
123125
123128
123544
123567
123588
123592
123615
123619
123629
123641
123654
123673
123685
123698
123901
123907
123964
123997
124017
124033
124121
124204
124221
124249
124709
124711
124713
124721
124722
124723
124730
124731
124736
124934
125054
125099
125275
125283
125360
125388
125470
125618
125629
125758
125792
125904
125916
126007
126024
126080
126088
126092
126291
126346
126350
126359
126864
126872
127082
127323
127355
127394
127406
127542
127605
127633
127777
127838
127892
127893
127894
128141
128142
128146
128170
128182
128194
128251
128259
128391
128393
128396
128406
128417
128421
128498
128527
128528
128557
128567
128618
128626
128932
128947
129099
129105
129113
129135
129136
129144
129145
129146
129148
129149
129150
129155
129156
129158
129169
129174
129176
129181
129242
129249
129316
129335
129336
129339
129392
129400
129405
129409
129410
129411
129577
129578
129580
129653
129735
129859
129867
129914
129939
129993
129995
129996
129998
130006
130008
130035
130037
130120
130181
130296
130335
130336
130337
130338
130344
130345
130354
130355
130356
130357
130365
130369
130373
130376
130381
130382
130384
130385
130386
130387
130392
130403
130405
130406
130415
130423
130434
130437
130439
130440
130449
130452
130453
130462
130466
130469
130475
130479
130530
130536
130537
130582
130583
130587
130591
130602
130619
130629
130634
130661
130663
130664
130665
130666
130668
130669
130679
130683
130685
130691
130740
130746
130793
130860
130878
130882
130918
131091
131164
131199
131224
131513
131541
131554
131658
131693
131695
131704
131881
131882
131883
131884
131885
131886
131887
131888
131889
131890
131891
131892
131893
131894
131895
131896
131897
131898
131899
131900
131901
131902
131903
131904
131905
131906
131907
131908
131909
131910
131911
131912
131913
131914
131915
131916
131917
131918
131919
131920
131921
131922
131923
131924
131925
131926
131927
131928
131929
131930
131931
131932
131933
131934
131935
131936
131937
131938
131939
131940
131941
131942
131943
131944
131945
131946
131947
131948
131949
131950
131951
131952
131953
131954
131955
131956
131957
131958
131959
131960
131961
131962
131963
131964
131965
131966
131967
131968
131969
131970
131971
131972
131973
131974
131975
131976
131977
131978
131979
131980
131981
131982
131983
131984
131985
131986
131987
131988
131989
131990
131991
131992
131993
131994
131995
131996
131997
131998
131999
132000
132001
132071
132883
133142
133166
133167
133262
133273
133310
133336
133337
133395
133396
133402
133403
133812
133815
133819
133821
133825
133827
133828
133831
133832
133833
133839
133842
133843
133844
133845
133846
133848
133850
133851
133853
133857
133863
133864
133865
